0.100000  0.06706 0.00000   0.01205 0.00000
0.120000  0.07053 0.00000   0.01224 0.00000
0.140000  0.07366 0.00000   0.01244 0.00000
0.160000  0.07650 0.00000   0.01264 0.00000
0.180000  0.07910 0.00000   0.01285 0.00000
0.200000  0.08148 0.00000   0.01307 0.00000
0.220000  0.08367 0.00000   0.01329 0.00000
0.240000  0.08568 0.00000   0.01351 0.00000
0.260000  0.08753 0.00000   0.01374 0.00000
0.280000  0.08924 0.00000   0.01398 0.00000
0.300000  0.09080 0.00000   0.01422 0.00000
0.320000  0.09225 0.00000   0.01447 0.00000
0.340000  0.09356 0.00000   0.01473 0.00000
0.360000  0.09477 0.00000   0.01499 0.00000
0.380000  0.09584 0.00000   0.01527 0.00000
0.400000  0.09686 0.00003   0.01554 0.00000
0.420000  0.09767 0.00012   0.01584 0.00001
0.440000  0.09849 0.00056   0.01613 0.00003
0.460000  0.09908 0.00188   0.01644 0.00012
0.480000  0.09910 0.00817   0.01682 0.00053
0.500000  0.09632 0.02173   0.01753 0.00144
0.520000  0.09194 0.03120   0.01845 0.00208
0.540000  0.08733 0.03829   0.01942 0.00255
0.560000  0.08308 0.04281   0.02037 0.00285
0.580000  0.07899 0.04590   0.02132 0.00306
0.600000  0.07503 0.04839   0.02228 0.00323
0.620000  0.07137 0.04966   0.02322 0.00331
0.640000  0.06778 0.05036   0.02417 0.00336
0.660000  0.06432 0.05067   0.02513 0.00338
0.680000  0.06107 0.05007   0.02608 0.00334
0.700000  0.05788 0.04906   0.02705 0.00327
0.720000  0.05478 0.04767   0.02801 0.00318
0.740000  0.05187 0.04538   0.02898 0.00303
0.760000  0.04899 0.04253   0.02996 0.00284
0.780000  0.04618 0.03912   0.03095 0.00261
0.800000  0.04351 0.03441   0.03194 0.00229
0.820000  0.04092 0.02825   0.03294 0.00188
0.840000  0.03846 0.02056   0.03393 0.00137
0.860000  0.03645 0.00910   0.03484 0.00060
0.880000  0.03556 0.00437   0.03551 0.00029
0.900000  0.03477 0.00172   0.03615 0.00011
0.920000  0.03409 0.00055   0.03677 0.00004
0.940000  0.03350 0.00020   0.03737 0.00001
0.960000  0.03289 0.00006   0.03797 0.00000
0.980000  0.03227 0.00000   0.03857 0.00000
1.000000  0.03172 0.00001   0.03916 0.00000
1.020000  0.03118 0.00000   0.03974 0.00000
1.040000  0.03063 0.00000   0.04032 0.00000
1.060000  0.03010 0.00000   0.04090 0.00000
1.080000  0.02961 0.00000   0.04147 0.00000
1.100000  0.02911 0.00000   0.04203 0.00000
1.120000  0.02862 0.00000   0.04259 0.00000
1.140000  0.02816 0.00000   0.04314 0.00000
1.160000  0.02771 0.00000   0.04368 0.00000
1.180000  0.02726 0.00000   0.04421 0.00000
1.200000  0.02682 0.00000   0.04474 0.00000
1.220000  0.02640 0.00000   0.04527 0.00000
1.240000  0.02598 0.00000   0.04578 0.00000
1.260000  0.02557 0.00000   0.04629 0.00000
1.280000  0.02517 0.00000   0.04679 0.00000
1.300000  0.02478 0.00000   0.04728 0.00000

